positives/20100715003003_103.png 2 291 221 63 80 593 212 46 78
positives/20100715003003_115.png 2 295 224 55 77 589 213 50 76
positives/20100715003003_127.png 2 293 222 57 77 591 220 47 68
positives/20100715003003_134.png 2 296 220 54 83 588 214 49 77
positives/20100715003003_15.png 2 208 219 70 96 559 211 75 94
positives/20100715003003_151.png 2 263 201 62 86 577 190 62 85
positives/20100715003003_170.png 2 260 203 66 85 581 190 58 86
positives/20100715003003_171.png 1 1 175 92 130
positives/20100715003003_174.png 2 443 184 69 97 0 175 64 138
positives/20100715003003_175.png 1 432 183 84 94
positives/20100715003003_176.png 1 440 177 74 101
positives/20100715003003_177.png 1 443 178 74 99
positives/20100715003003_178.png 1 438 176 81 104
positives/20100715003003_180.png 1 441 169 86 109
positives/20100715003003_189.png 1 537 148 101 132
positives/20100715003003_190.png 1 538 145 100 140
positives/20100715003003_191.png 0
positives/20100715003003_2.png 2 222 215 71 97 591 204 47 87
positives/20100715003003_205.png 1 0 104 188 325
positives/20100715003003_206.png 1 0 103 195 326
positives/20100715003003_207.png 0
positives/20100715003003_31.png 2 209 221 66 85 539 215 61 76
positives/20100715003003_47.png 2 259 223 57 80 563 213 59 70
positives/20100715003003_66.png 2 293 220 57 77 591 217 48 69
positives/20100715003003_7.png 2 214 214 75 92 578 210 60 84
positives/20100715003003_79.png 2 294 220 57 73 592 217 46 70
positives/20100715003003_91.png 2 288 219 66 79 590 215 49 67
positives/20100715053238_10.png 3 238 230 23 35 368 222 29 36 510 214 33 41
positives/20100715053238_11.png 3 238 233 26 32 369 221 30 36 512 211 31 44
positives/20100715053238_12.png 3 233 232 34 33 367 221 33 34 512 213 32 38
positives/20100715053238_135.png 3 213 244 29 29 347 234 26 33 489 226 28 38
positives/20100715053238_143.png 3 215 242 26 34 345 234 32 33 488 224 31 41
positives/20100715053238_151.png 3 159 229 33 38 301 220 34 39 451 212 31 41
positives/20100715053238_187.png 3 175 225 34 46 327 218 34 45 491 207 36 50
positives/20100715053238_2.png 3 229 229 31 40 362 217 34 44 506 212 34 44
positives/20100715053238_203.png 3 181 228 30 40 333 212 37 47 509 205 33 49
positives/20100715053238_211.png 3 175 225 30 46 329 213 41 44 504 204 40 50
positives/20100715053238_223.png 3 160 222 35 50 320 210 42 49 500 201 38 51
positives/20100715053238_235.png 1 150 209 37 45
positives/20100715053238_251.png 3 106 188 45 54 331 159 47 64 587 149 49 63
positives/20100715053238_255.png 2 79 185 55 65 330 155 53 76
positives/20100715053238_259.png 2 51 184 61 72 331 152 59 82
positives/20100715053238_263.png 2 16 185 66 76 330 144 69 92
positives/20100715053238_267.png 2 334 142 87 95 3 179 70 91
positives/20100715053238_272.png 1 353 108 94 127
positives/20100715053238_279.png 1 360 65 135 147
positives/20100715053238_280.png 1 367 30 160 188
positives/20100715053238_281.png 1 367 33 158 180
positives/20100715053238_282.png 1 380 1 174 198
positives/20100715053238_283.png 1 384 2 168 226
positives/20100715053238_284.png 1 383 1 221 202
positives/20100715053238_285.png 0
positives/20100715053238_286.png 0
positives/20100715053238_287.png 0
positives/20100715053238_3.png 3 228 231 32 33 362 218 34 40 509 213 36 35
positives/20100715095038_1.png 3 318 322 35 30 183 326 30 34 28 339 36 40
positives/20100715095038_10.png 3 26 341 32 41 181 330 29 32 318 325 28 34
positives/20100715095038_108.png 3 300 321 30 43 449 327 29 41 591 333 34 44
positives/20100715095038_11.png 3 179 326 32 42 23 340 38 41 315 322 33 38
positives/20100715095038_112.png 3 308 326 34 40 458 324 32 45 601 334 36 41
positives/20100715095038_117.png 2 326 324 36 41 481 326 28 39
positives/20100715095038_119.png 2 325 325 35 38 475 326 35 42
positives/20100715095038_127.png 2 356 319 34 44 507 318 33 43
positives/20100715095038_151.png 2 413 305 35 41 568 299 38 48
positives/20100715095038_155.png 2 421 304 32 44 573 297 39 47
positives/20100715095038_170.png 2 404 308 33 44 557 309 42 52
positives/20100715095038_186.png 2 379 271 38 40 539 252 36 45
positives/20100715095038_2.png 3 28 336 36 44 179 324 36 38 319 315 32 39
positives/20100715095038_3.png 3 319 321 33 32 181 326 36 38 26 339 39 40
positives/20100715095038_326.png 2 266 178 57 75 527 163 60 79
positives/20100715095038_339.png 2 266 202 65 73 559 192 58 79
positives/20100715095038_346.png 2 271 201 65 82 572 187 67 91
positives/20100715095038_353.png 2 282 204 62 80 595 187 44 87
positives/20100715095038_362.png 1 299 201 64 85
positives/20100715095038_374.png 1 320 209 62 83
positives/20100715095038_386.png 1 327 223 64 82
positives/20100715095038_4.png 3 26 340 37 38 176 327 41 32 319 319 30 38
positives/20100715095038_406.png 1 260 241 75 97
positives/20100715095038_414.png 1 205 247 79 89
positives/20100715095038_422.png 2 147 251 78 87 521 170 92 107
positives/20100715095038_425.png 2 125 255 76 83 497 183 87 111
positives/20100715095038_434.png 2 407 208 82 98 74 251 71 78
positives/20100715095038_442.png 2 66 253 65 70 360 193 93 93
positives/20100715095038_450.png 2 48 250 77 73 314 199 83 88
positives/20100715095038_461.png 2 300 191 86 88 46 240 75 75
positives/20100715095038_466.png 2 48 248 72 65 300 194 83 79
positives/20100715095038_5.png 3 25 341 36 31 183 324 30 35 319 313 34 42
positives/20100715095038_6.png 3 318 323 31 30 182 328 30 34 26 339 35 41
positives/20100715095038_7.png 3 24 342 41 39 180 326 32 40 314 318 36 39
positives/20100715095038_8.png 3 319 323 27 31 176 328 40 35 22 342 43 36
positives/20100715095038_83.png 3 189 325 38 43 340 328 32 36 477 330 33 39
positives/20100715095038_9.png 3 318 324 31 29 175 328 40 39 25 340 36 43
positives/20100715095038_94.png 3 251 321 35 42 400 327 30 38 538 335 34 40
positives/20100716011018(151)_1.png 3 100 227 44 62 331 218 45 73 563 200 48 64
positives/20100716011018(220)_1.png 1 341 193 77 104
positives/20100716011018_123.png 3 54 255 47 50 249 260 38 49 422 247 47 55
positives/20100716011018_155.png 3 98 227 48 59 327 221 49 60 560 201 53 68
positives/20100716011018_180.png 2 104 225 46 60 367 218 53 67
positives/20100716011018_216.png 2 344 201 76 84 6 209 57 80
positives/20100716011018_226.png 1 352 196 96 104
positives/20100716011018_244.png 1 378 210 89 109
positives/20100716011018_251.png 1 374 200 112 135
positives/20100716011018_258.png 1 407 192 117 145
positives/20100716011018_264.png 1 436 182 150 190
positives/20100716011018_270.png 0
positives/20100716011018_272.png 0
positives/20100716011018_3.png 3 420 298 48 45 257 315 34 42 69 311 43 45
positives/20100716011018_42.png 3 227 286 39 50 402 272 39 47 37 285 41 48
positives/20100716011018_49.png 3 33 274 44 51 226 276 35 48 401 267 36 43
positives/20100716011018_5.png 3 67 311 41 45 252 314 37 43 426 301 40 50
positives/20100716011018_8.png 3 67 312 39 49 255 316 35 46 421 302 41 48
positives/20100718005807_1.png 1 193 346 52 46
positives/20100718005807_104.png 1 339 412 42 59
positives/20100718005807_112.png 1 339 411 43 60
positives/20100718005807_120.png 1 339 414 44 52
positives/20100718005807_128.png 1 338 414 46 57
positives/20100718005807_132.png 1 338 411 44 53
positives/20100718005807_136.png 0
positives/20100718005807_144.png 0
positives/20100718005807_152.png 0
positives/20100718005807_16.png 2 249 339 40 47 58 405 57 72
positives/20100718005807_160.png 1 339 411 46 65
positives/20100718005807_168.png 1 336 413 51 62
positives/20100718005807_176.png 0
positives/20100718005807_188.png 0
positives/20100718005807_196.png 0
positives/20100718005807_20.png 2 315 340 42 47 135 399 45 62
positives/20100718005807_216.png 0
positives/20100718005807_24.png 1 396 338 42 54
positives/20100718005807_240.png 1 583 359 56 77
positives/20100718005807_244.png 0
positives/20100718005807_32.png 2 537 337 50 56 356 392 51 64
positives/20100718005807_40.png 2 221 424 44 50 457 392 53 62
positives/20100718005807_48.png 2 294 414 40 56 536 389 54 62
positives/20100718005807_56.png 2 562 389 58 67 316 412 43 60
positives/20100718005807_64.png 1 336 409 50 62
positives/20100718005807_72.png 1 337 411 47 56
positives/20100718005807_8.png 1 197 337 43 55
positives/20100718005807_80.png 1 334 408 53 62
positives/20100718005807_88.png 1 336 412 51 59
positives/20100718005807_96.png 1 339 414 44 55
positives/20120721113533_1.png 3 211 170 27 33 328 174 35 39 461 166 22 32
positives/20120721113533_107.png 3 222 140 28 31 342 145 25 36 467 137 28 35
positives/20120721113533_119.png 3 225 131 25 36 344 139 27 33 470 133 28 30
positives/20120721113533_135.png 3 226 122 30 41 343 133 35 36 472 125 28 36
positives/20120721113533_15.png 3 216 169 29 36 339 176 26 35 464 169 30 34
positives/20120721113533_151.png 3 227 118 28 36 348 126 27 33 473 119 29 30
positives/20120721113533_179.png 3 218 102 37 35 343 107 30 38 472 100 25 36
positives/20120721113533_23.png 3 217 165 30 43 339 174 27 38 461 168 36 38
positives/20120721113533_251.png 3 215 66 27 33 331 75 32 36 460 67 30 35
positives/20120721113533_291.png 3 202 48 29 36 325 62 27 33 447 50 31 39
positives/20120721113533_31.png 3 218 168 28 40 338 178 29 40 467 167 28 42
positives/20120721113533_43.png 3 217 167 28 35 336 173 31 34 466 164 24 35
positives/20120721113533_55.png 3 215 160 30 37 340 166 22 37 464 158 24 35
positives/20120721113533_6.png 3 215 167 26 38 335 176 26 32 459 160 28 45
positives/20120721113533_67.png 3 214 156 31 37 338 162 25 36 459 155 31 33
positives/20120721113533_79.png 3 215 150 28 35 334 158 36 32 467 151 21 31
positives/20120721113533_91.png 3 219 148 28 32 340 153 26 35 462 145 31 35
positives/20120721113646_100.png 3 292 444 31 32 411 449 25 27 539 449 34 30
positives/20120721113646_108.png 3 304 423 26 27 417 428 26 28 546 427 29 30
positives/20120721113646_116.png 3 310 400 28 27 423 406 32 27 547 401 32 35
positives/20120721113646_124.png 3 313 377 29 26 423 381 27 31 545 378 37 38
positives/20120721113646_132.png 3 312 361 31 37 421 365 29 34 544 362 29 36
positives/20120721113646_140.png 3 309 357 26 34 415 359 29 38 538 359 29 35
positives/20120721113646_148.png 3 303 358 24 30 411 364 25 30 529 357 28 34
positives/20120721113646_156.png 3 299 361 24 34 407 361 26 41 526 358 27 33
positives/20120721113646_164.png 3 292 362 25 29 402 363 24 34 517 355 29 42
positives/20120721113646_176.png 3 294 358 21 30 401 359 22 26 517 345 29 39
positives/20120721113646_188.png 3 292 347 29 28 402 348 25 29 517 340 32 33
positives/20120721113646_296.png 3 244 333 25 33 351 331 27 35 465 321 28 31
positives/20120721113646_440.png 3 241 248 25 33 343 252 28 32 453 244 28 33
positives/20120721113646_640.png 3 292 185 24 33 400 190 26 34 518 180 25 30
positives/20120721113646_888.png 3 249 186 25 31 359 187 24 30 472 181 23 26
positives/20120721113646_892.png 3 248 183 23 33 357 189 25 29 468 178 32 34
positives/20120721113838_1070.png 3 8 202 63 84 287 204 70 80 549 188 61 65
positives/20120721113838_1086.png 2 292 204 59 81 560 189 70 74
positives/20120721113838_1094.png 2 284 217 72 67 572 193 62 73
positives/20120721113838_1110.png 2 279 217 73 74 583 193 56 72
positives/20120721113838_1126.png 1 274 223 68 75
positives/20120721113838_1142.png 1 276 224 71 92
positives/20120721113838_1202.png 1 280 234 93 106
positives/20120721113838_1250.png 1 276 239 101 116
positives/20120721113838_1362.png 3 302 240 67 62 560 220 70 63 19 226 69 78
positives/20120721113838_1394.png 3 58 210 60 63 294 211 55 63 517 198 61 57
positives/20120721113838_1418.png 3 67 218 51 61 289 224 48 55 500 205 47 59
positives/20120721113838_1442.png 3 106 208 47 66 314 218 44 58 520 199 50 60
positives/20120721113838_158.png 3 264 238 27 30 376 241 22 33 487 233 29 34
positives/20120721113838_22.png 3 314 290 26 30 417 291 25 31 530 282 27 34
positives/20120721113838_230.png 3 212 204 34 39 350 212 29 35 489 200 34 36
positives/20120721113838_38.png 3 307 288 24 30 407 289 26 32 516 281 33 33
positives/20120721113838_66.png 3 294 290 23 31 395 293 26 28 501 284 31 32
positives/20120721113838_950.png 3 132 200 39 51 297 208 40 46 455 192 44 45
positives/20120721114217_10.png 3 155 442 23 37 257 455 16 23 359 451 24 23
positives/20120721114217_2.png 2 152 422 29 33 249 431 31 27
positives/20120721114217_26.png 0
positives/20120721114217_54.png 0
positives/buoysFromGate(1086)_1.png 1 217 187 147 185
positives/buoysFromGate(464)_1.png 1 289 303 55 77
positives/buoysFromGate(908)_1.png 0
positives/buoysFromGate_1000.png 1 198 10 174 217
positives/buoysFromGate_1014.png 1 190 27 183 219
positives/buoysFromGate_1024.png 1 184 27 177 213
positives/buoysFromGate_1036.png 1 191 45 203 202
positives/buoysFromGate_1055.png 1 203 106 178 187
positives/buoysFromGate_1071.png 1 217 149 145 186
positives/buoysFromGate_1106.png 1 224 229 133 175
positives/buoysFromGate_1118.png 1 221 244 150 170
positives/buoysFromGate_1130.png 1 228 252 132 161
positives/buoysFromGate_1141.png 1 221 279 150 178
positives/buoysFromGate_1153.png 1 223 324 143 152
positives/buoysFromGate_1161.png 0
positives/buoysFromGate_1163.png 0
positives/buoysFromGate_1172.png 0
positives/buoysFromGate_1335.png 0
positives/buoysFromGate_1354.png 0
positives/buoysFromGate_1375.png 0
positives/buoysFromGate_426.png 2 29 284 55 61 292 249 55 68
positives/buoysFromGate_435.png 2 298 257 53 68 13 295 63 65
positives/buoysFromGate_453.png 2 295 286 53 73 0 326 52 78
positives/buoysFromGate_473.png 1 285 313 52 80
positives/buoysFromGate_488.png 1 288 298 67 78
positives/buoysFromGate_491.png 2 1 332 55 78 296 286 60 85
positives/buoysFromGate_492.png 2 305 289 54 82 1 325 53 91
positives/buoysFromGate_494.png 2 307 285 52 76 0 325 58 91
positives/buoysFromGate_495.png 2 6 323 60 80 310 281 57 83
positives/buoysFromGate_496.png 2 311 276 53 82 2 319 68 87
positives/buoysFromGate_497.png 2 309 274 67 86 13 316 62 84
positives/buoysFromGate_507.png 2 58 319 59 69 347 267 55 91
positives/buoysFromGate_519.png 2 361 264 59 76 75 298 59 69
positives/buoysFromGate_527.png 2 76 258 61 71 351 228 73 78
positives/buoysFromGate_543.png 2 86 212 58 67 357 172 59 75
positives/buoysFromGate_554.png 2 88 199 56 67 361 161 58 70
positives/buoysFromGate_570.png 2 86 197 64 68 362 150 56 74
positives/buoysFromGate_581.png 2 75 203 63 64 363 149 54 76
positives/buoysFromGate_593.png 2 57 196 67 72 361 143 67 82
positives/buoysFromGate_609.png 2 56 178 74 85 404 130 74 98
positives/buoysFromGate_617.png 2 65 172 77 91 435 121 84 112
positives/buoysFromGate_625.png 2 81 165 83 100 473 118 100 109
positives/buoysFromGate_633.png 2 106 172 75 99 510 112 113 121
positives/buoysFromGate_642.png 1 127 183 72 99
positives/buoysFromGate_644.png 1 118 186 92 102
positives/buoysFromGate_656.png 1 131 204 82 104
positives/buoysFromGate_668.png 1 107 228 93 114
positives/buoysFromGate_680.png 1 50 244 107 128
positives/buoysFromGate_692.png 1 123 250 110 130
positives/buoysFromGate_708.png 1 218 263 127 171
positives/buoysFromGate_723.png 1 269 295 119 162
positives/buoysFromGate_739.png 0
positives/buoysFromGate_759.png 1 220 177 134 169
positives/buoysFromGate_774.png 1 200 149 132 159
positives/buoysFromGate_789.png 1 170 144 133 165
positives/buoysFromGate_805.png 1 133 131 154 187
positives/buoysFromGate_821.png 1 100 109 194 223
positives/buoysFromGate_833.png 1 113 89 211 265
positives/buoysFromGate_848.png 1 127 92 246 302
positives/buoysFromGate_864.png 1 123 142 288 335
positives/buoysFromGate_876.png 0
positives/buoysFromGate_883.png 0
positives/buoysFromGate_894.png 0
positives/buoysFromGate_918.png 0
positives/buoysFromGate_926.png 0
positives/buoysFromGate_934.png 1 59 198 254 275
positives/buoysFromGate_942.png 1 104 194 242 276
positives/buoysFromGate_953.png 1 152 184 219 253
positives/buoysFromGate_961.png 1 185 139 193 241
positives/buoysFromGate_973.png 1 174 42 197 242
positives/buoysFromGate_985.png 1 167 6 216 240
positives/scene00010.png 2 111 234 62 71 380 224 63 83
positives/scene00062.png 2 122 213 64 69 378 205 72 71
positives/scene00121.png 2 125 214 53 64 383 204 61 69
positives/scene00196.png 2 270 208 49 57 462 181 64 70
positives/scene00205.png 1 432 172 66 83
