positives/20100715003003_103.png 2 291 223 58 72 593 216 46 78
positives/20100715003003_115.png 2 294 221 54 80 592 214 47 83
positives/20100715003003_127.png 2 294 223 57 79 589 214 50 82
positives/20100715003003_134.png 2 289 221 60 75 590 209 49 86
positives/20100715003003_15.png 2 203 216 79 95 568 208 64 97
positives/20100715003003_151.png 2 264 209 57 78 582 188 55 94
positives/20100715003003_170.png 1 579 199 59 84
positives/20100715003003_171.png 2 3 190 88 115 452 193 66 87
positives/20100715003003_174.png 2 0 180 66 127 445 190 67 93
positives/20100715003003_175.png 2 0 172 40 142 443 180 73 95
positives/20100715003003_176.png 2 440 182 75 96 0 177 42 138
positives/20100715003003_177.png 2 439 179 77 98 0 187 19 93
positives/20100715003003_178.png 2 437 178 82 99 0 183 19 92
positives/20100715003003_180.png 1 439 175 88 106
positives/20100715003003_189.png 1 539 143 99 137
positives/20100715003003_190.png 1 541 146 97 136
positives/20100715003003_191.png 1 575 139 64 157
positives/20100715003003_2.png 2 587 206 52 93 222 219 67 85
positives/20100715003003_205.png 1 0 115 184 303
positives/20100715003003_206.png 1 0 112 185 297
positives/20100715003003_207.png 1 0 107 171 363
positives/20100715003003_31.png 2 213 231 60 72 536 218 66 74
positives/20100715003003_47.png 2 254 221 64 77 562 217 63 72
positives/20100715003003_66.png 2 292 224 59 70 590 215 48 73
positives/20100715003003_7.png 2 219 216 64 87 579 204 59 92
positives/20100715003003_79.png 2 296 221 52 79 593 211 46 84
positives/20100715003003_91.png 2 298 226 46 71 588 215 51 70
positives/20100715053238_10.png 3 237 233 24 30 369 225 28 32 510 215 34 38
positives/20100715053238_11.png 3 233 230 37 38 364 222 37 36 507 213 44 41
positives/20100715053238_12.png 3 236 233 27 31 367 223 33 34 508 213 40 40
positives/20100715053238_135.png 3 214 243 27 33 343 231 32 38 486 226 35 39
positives/20100715053238_143.png 2 344 232 32 38 488 229 30 35
positives/20100715053238_151.png 3 163 230 28 38 301 219 34 42 449 212 31 43
positives/20100715053238_187.png 3 178 230 29 36 325 217 38 43 492 211 33 42
positives/20100715053238_2.png 3 230 234 27 31 363 223 32 34 506 211 34 43
positives/20100715053238_203.png 3 182 226 28 43 331 217 41 44 506 205 40 50
positives/20100715053238_211.png 3 175 225 31 42 325 211 44 52 505 207 38 49
positives/20100715053238_223.png 3 159 228 36 37 325 214 37 39 499 201 37 51
positives/20100715053238_235.png 3 152 214 35 41 320 196 40 45 509 182 38 51
positives/20100715053238_251.png 3 103 181 49 62 327 163 54 62 582 153 52 57
positives/20100715053238_255.png 1 83 189 48 58
positives/20100715053238_259.png 2 57 189 51 63 326 155 64 77
positives/20100715053238_263.png 2 16 190 67 74 328 148 67 85
positives/20100715053238_267.png 2 0 183 65 81 339 141 73 95
positives/20100715053238_272.png 1 349 118 93 105
positives/20100715053238_279.png 1 360 63 137 144
positives/20100715053238_280.png 1 373 36 149 170
positives/20100715053238_281.png 1 366 33 157 175
positives/20100715053238_282.png 1 381 3 172 185
positives/20100715053238_283.png 1 398 4 154 198
positives/20100715053238_284.png 1 383 1 218 163
positives/20100715053238_285.png 1 398 1 200 156
positives/20100715053238_286.png 1 385 2 254 154
positives/20100715053238_287.png 1 406 1 233 159
positives/20100715053238_3.png 3 234 232 22 28 365 222 29 32 509 216 31 29
positives/20100715095038_1.png 3 30 336 33 44 180 325 34 36 320 322 30 33
positives/20100715095038_10.png 3 23 343 40 40 180 328 30 38 311 323 37 36
positives/20100715095038_108.png 3 293 322 42 44 451 331 27 33 592 337 30 45
positives/20100715095038_11.png 3 25 338 35 46 180 328 26 31 313 319 37 40
positives/20100715095038_112.png 3 306 322 35 46 456 321 39 50 598 331 41 43
positives/20100715095038_117.png 3 328 323 35 37 473 322 38 50 622 329 17 52
positives/20100715095038_119.png 3 331 323 28 41 478 324 35 42 622 331 17 51
positives/20100715095038_127.png 2 359 314 31 51 506 318 35 46
positives/20100715095038_151.png 2 415 304 34 41 568 298 37 44
positives/20100715095038_155.png 2 419 301 34 47 571 297 39 45
positives/20100715095038_170.png 2 400 313 37 42 562 318 33 38
positives/20100715095038_186.png 2 380 269 37 44 534 251 40 47
positives/20100715095038_2.png 3 34 338 26 38 178 322 39 39 315 317 39 38
positives/20100715095038_3.png 3 31 337 30 37 178 317 33 39 323 324 28 28
positives/20100715095038_326.png 2 265 179 63 68 528 167 57 64
positives/20100715095038_339.png 2 267 193 59 69 555 187 67 78
positives/20100715095038_346.png 2 273 195 64 74 575 188 62 83
positives/20100715095038_353.png 2 282 198 62 82 595 187 44 87
positives/20100715095038_362.png 1 299 196 60 85
positives/20100715095038_374.png 1 319 208 58 83
positives/20100715095038_386.png 1 330 222 60 80
positives/20100715095038_4.png 3 23 338 46 45 179 325 34 38 315 320 37 38
positives/20100715095038_406.png 1 260 242 78 93
positives/20100715095038_414.png 2 202 251 85 83 594 161 43 107
positives/20100715095038_422.png 2 144 245 78 88 528 171 85 101
positives/20100715095038_425.png 2 132 255 67 85 500 184 80 105
positives/20100715095038_434.png 2 80 251 69 81 416 207 72 96
positives/20100715095038_442.png 2 66 248 61 81 369 194 78 93
positives/20100715095038_450.png 2 322 197 77 93 57 248 66 75
positives/20100715095038_461.png 2 308 197 75 90 54 246 58 70
positives/20100715095038_466.png 2 310 194 66 90 53 239 61 79
positives/20100715095038_5.png 3 29 341 31 35 179 326 35 37 319 317 30 40
positives/20100715095038_6.png 3 27 342 36 39 180 326 29 31 314 322 42 35
positives/20100715095038_7.png 3 27 339 31 38 179 326 34 40 317 319 33 36
positives/20100715095038_8.png 3 30 338 30 43 177 326 34 38 312 320 40 38
positives/20100715095038_83.png 3 195 328 29 35 341 325 29 39 479 333 29 38
positives/20100715095038_9.png 3 30 339 29 40 182 327 28 36 315 322 36 35
positives/20100715095038_94.png 3 249 324 38 41 401 326 31 41 540 337 31 35
positives/20100716011018_123.png 3 55 257 43 51 252 263 39 49 429 251 39 46
positives/20100716011018_155.png 3 99 231 47 56 332 223 53 65 560 201 53 66
positives/20100716011018_180.png 2 108 219 42 66 365 214 53 72
positives/20100716011018_216.png 2 3 211 61 86 347 202 64 91
positives/20100716011018_226.png 2 362 203 82 87 0 212 45 78
positives/20100716011018_244.png 1 370 204 108 110
positives/20100716011018_251.png 1 377 202 115 119
positives/20100716011018_258.png 1 398 195 144 132
positives/20100716011018_264.png 1 437 182 143 161
positives/20100716011018_270.png 1 506 173 133 199
positives/20100716011018_272.png 1 513 151 125 243
positives/20100716011018_3.png 3 428 305 33 37 257 316 35 39 72 310 34 43
positives/20100716011018_42.png 3 39 286 38 47 224 291 41 38 403 278 38 36
positives/20100716011018_49.png 3 36 277 35 38 227 279 33 41 398 265 44 43
positives/20100716011018_5.png 3 65 314 46 37 255 313 31 45 427 303 36 43
positives/20100716011018_8.png 3 72 315 31 41 255 319 32 36 425 302 38 45
positives/20100718005807_1.png 0
positives/20100718005807_104.png 2 339 414 42 55 598 400 40 60
positives/20100718005807_112.png 2 346 414 33 54 598 403 41 55
positives/20100718005807_120.png 1 340 417 42 49
positives/20100718005807_128.png 2 599 401 40 55 341 414 38 52
positives/20100718005807_132.png 2 341 409 40 57 595 400 42 56
positives/20100718005807_136.png 2 341 416 41 48 594 397 43 61
positives/20100718005807_144.png 1 345 417 36 47
positives/20100718005807_152.png 0
positives/20100718005807_16.png 2 253 339 35 47 61 406 47 66
positives/20100718005807_160.png 0
positives/20100718005807_168.png 0
positives/20100718005807_176.png 1 346 432 45 45
positives/20100718005807_188.png 1 345 444 44 34
positives/20100718005807_196.png 1 342 446 47 32
positives/20100718005807_20.png 2 315 336 38 49 131 401 53 60
positives/20100718005807_216.png 1 486 448 56 31
positives/20100718005807_24.png 2 398 342 39 44 222 403 40 49
positives/20100718005807_240.png 2 582 365 56 67 351 452 57 26
positives/20100718005807_244.png 1 606 368 30 65
positives/20100718005807_32.png 2 542 341 44 52 118 438 46 41
positives/20100718005807_40.png 2 458 395 50 55 218 424 42 53
positives/20100718005807_48.png 2 534 388 53 65 288 411 46 54
positives/20100718005807_56.png 2 568 393 51 60 313 407 49 56
positives/20100718005807_64.png 2 592 400 47 54 333 413 52 55
positives/20100718005807_72.png 2 589 400 48 53 343 414 41 56
positives/20100718005807_8.png 2 195 342 48 55 22 417 38 36
positives/20100718005807_80.png 2 338 415 45 51 592 397 47 59
positives/20100718005807_88.png 2 338 411 46 59 590 394 48 62
positives/20100718005807_96.png 2 343 411 35 55 592 396 46 56
positives/20120721113533_1.png 3 210 171 29 27 333 178 24 29 457 168 28 27
positives/20120721113533_107.png 3 343 151 26 22 466 141 29 27 224 139 25 28
positives/20120721113533_119.png 3 223 134 26 29 347 145 26 26 471 133 28 29
positives/20120721113533_135.png 3 225 128 27 30 349 137 26 29 474 128 25 26
positives/20120721113533_15.png 3 212 171 38 30 341 182 25 26 463 172 30 29
positives/20120721113533_151.png 3 227 114 25 37 349 128 27 29 479 120 24 32
positives/20120721113533_179.png 3 221 100 33 40 344 107 27 37 471 101 26 33
positives/20120721113533_23.png 3 217 170 33 34 339 178 31 36 468 169 26 36
positives/20120721113533_251.png 3 212 67 33 36 331 77 30 33 460 67 26 33
positives/20120721113533_291.png 3 205 48 25 35 323 59 28 31 448 51 32 36
positives/20120721113533_31.png 3 221 165 24 45 339 177 31 37 465 167 31 39
positives/20120721113533_43.png 3 212 168 35 34 339 174 30 35 462 164 29 36
positives/20120721113533_55.png 3 213 160 31 41 340 167 22 36 465 159 26 35
positives/20120721113533_6.png 3 213 166 27 38 333 174 31 39 456 165 35 28
positives/20120721113533_67.png 3 218 155 25 36 333 164 31 35 461 152 29 40
positives/20120721113533_79.png 0
positives/20120721113533_91.png 0
positives/20120721113646_100.png 3 296 443 26 33 410 449 26 28 541 449 26 27
positives/20120721113646_108.png 3 306 420 21 33 418 428 26 29 544 425 29 32
positives/20120721113646_116.png 3 315 399 22 33 424 407 25 26 553 406 25 27
positives/20120721113646_124.png 3 318 379 24 27 429 375 24 43 549 379 25 36
positives/20120721113646_132.png 3 315 362 24 35 423 369 27 30 546 366 25 31
positives/20120721113646_140.png 3 314 362 19 30 418 367 25 25 538 363 30 29
positives/20120721113646_148.png 3 300 360 31 30 414 366 21 26 531 358 26 31
positives/20120721113646_156.png 3 299 364 22 27 407 367 25 23 527 361 26 27
positives/20120721113646_164.png 3 298 363 17 28 403 367 21 26 521 360 26 29
positives/20120721113646_176.png 3 293 355 23 27 398 356 31 31 521 352 24 27
positives/20120721113646_188.png 0
positives/20120721113646_296.png 3 240 336 29 28 355 331 20 33 468 321 24 33
positives/20120721113646_440.png 3 241 248 25 31 349 254 20 30 456 248 20 27
positives/20120721113646_640.png 3 293 186 23 31 399 190 26 31 521 183 22 33
positives/20120721113646_888.png 3 251 185 22 32 357 188 26 33 472 177 24 33
positives/20120721113646_892.png 3 249 189 23 28 360 190 20 32 472 181 27 31
positives/20120721113838_1070.png 3 7 204 62 85 286 211 62 71 547 188 61 69
positives/20120721113838_1094.png 3 0 208 55 83 275 211 78 76 570 196 61 64
positives/20120721113838_1110.png 2 280 211 67 85 584 193 55 72
positives/20120721113838_1126.png 2 285 224 56 79 595 195 44 75
positives/20120721113838_1142.png 2 281 230 63 79 613 201 23 69
positives/20120721113838_1202.png 1 286 234 77 95
positives/20120721113838_1250.png 1 281 236 91 114
positives/20120721113838_1362.png 3 307 240 49 59 565 220 62 60 26 230 56 66
positives/20120721113838_1394.png 3 56 211 59 59 301 216 46 54 526 202 51 45
positives/20120721113838_1418.png 3 68 215 55 61 289 225 48 53 504 207 43 51
positives/20120721113838_1442.png 3 103 215 51 57 313 219 47 55 521 211 47 47
positives/20120721113838_158.png 2 376 246 24 26 488 236 26 31
positives/20120721113838_22.png 3 416 295 27 27 314 292 27 28 530 289 29 24
positives/20120721113838_230.png 3 219 203 25 38 347 212 38 38 486 202 39 32
positives/20120721113838_38.png 3 306 286 25 30 407 291 31 32 515 282 30 31
positives/20120721113838_66.png 3 290 288 27 31 396 292 24 29 509 284 21 24
positives/20120721113838_950.png 3 132 203 44 48 301 209 34 40 458 195 39 44
positives/20120721114217_10.png 3 150 449 30 25 252 453 25 25 354 447 31 31
positives/20120721114217_2.png 3 154 421 30 30 255 433 25 28 363 429 18 28
positives/20120721114217_26.png 3 164 421 23 29 260 424 21 24 362 417 29 21
positives/20120721114217_54.png 3 180 435 26 24 275 439 30 27 381 431 22 27
positives/buoysFromGate_1000.png 1 206 8 163 178
positives/buoysFromGate_1014.png 1 199 26 176 157
positives/buoysFromGate_1024.png 0
positives/buoysFromGate_1036.png 0
positives/buoysFromGate_1055.png 1 203 95 164 164
positives/buoysFromGate_1071.png 1 220 147 134 143
positives/buoysFromGate_1106.png 1 228 218 123 193
positives/buoysFromGate_1118.png 1 216 238 155 178
positives/buoysFromGate_1130.png 1 232 246 112 167
positives/buoysFromGate_1141.png 1 226 281 132 152
positives/buoysFromGate_1153.png 1 217 316 141 161
positives/buoysFromGate_1161.png 1 217 343 126 134
positives/buoysFromGate_1163.png 1 217 360 139 114
positives/buoysFromGate_1172.png 1 203 381 137 95
positives/buoysFromGate_1335.png 1 193 423 101 52
positives/buoysFromGate_1354.png 1 199 436 111 43
positives/buoysFromGate_1375.png 1 223 443 87 36
positives/buoysFromGate_426.png 2 293 248 52 69 27 286 68 67
positives/buoysFromGate_435.png 2 292 256 51 71 15 293 64 66
positives/buoysFromGate_453.png 2 0 315 71 79 286 284 63 77
positives/buoysFromGate_473.png 2 287 312 51 81 0 348 30 78
positives/buoysFromGate_488.png 2 294 288 52 93 0 339 49 77
positives/buoysFromGate_491.png 2 301 287 53 84 1 335 61 77
positives/buoysFromGate_492.png 2 297 287 58 84 0 337 57 72
positives/buoysFromGate_494.png 2 306 283 56 82 0 327 68 79
positives/buoysFromGate_495.png 2 308 283 56 73 6 319 69 82
positives/buoysFromGate_496.png 2 306 283 60 79 4 323 75 79
positives/buoysFromGate_497.png 2 318 283 50 67 15 327 71 69
positives/buoysFromGate_507.png 2 342 268 66 78 60 320 60 68
positives/buoysFromGate_519.png 2 364 262 53 75 85 297 57 69
positives/buoysFromGate_527.png 2 364 228 52 74 77 259 70 75
positives/buoysFromGate_543.png 2 360 174 55 71 91 209 55 71
positives/buoysFromGate_554.png 2 356 157 62 78 86 203 65 67
positives/buoysFromGate_570.png 2 366 152 50 72 95 195 47 61
positives/buoysFromGate_581.png 2 358 147 59 84 85 199 51 66
positives/buoysFromGate_593.png 2 368 143 59 90 58 192 65 74
positives/buoysFromGate_609.png 2 404 133 77 89 51 184 87 71
positives/buoysFromGate_617.png 2 435 119 84 113 65 179 72 78
positives/buoysFromGate_625.png 2 85 168 77 93 473 114 99 122
positives/buoysFromGate_633.png 2 94 166 110 111 495 101 128 128
positives/buoysFromGate_642.png 2 125 178 81 105 564 105 74 139
positives/buoysFromGate_644.png 2 123 187 84 104 582 104 57 135
positives/buoysFromGate_656.png 1 130 201 90 114
positives/buoysFromGate_668.png 1 94 228 117 113
positives/buoysFromGate_680.png 1 51 250 124 117
positives/buoysFromGate_692.png 1 108 241 139 154
positives/buoysFromGate_708.png 1 221 274 133 157
positives/buoysFromGate_723.png 1 269 299 139 172
positives/buoysFromGate_739.png 1 273 236 123 186
positives/buoysFromGate_759.png 1 225 166 133 186
positives/buoysFromGate_774.png 1 190 146 152 181
positives/buoysFromGate_789.png 1 168 137 133 182
positives/buoysFromGate_805.png 1 127 131 165 194
positives/buoysFromGate_821.png 1 115 110 165 225
positives/buoysFromGate_833.png 1 116 96 225 255
positives/buoysFromGate_848.png 1 132 90 242 328
positives/buoysFromGate_864.png 1 123 149 284 322
positives/buoysFromGate_876.png 1 104 185 340 289
positives/buoysFromGate_883.png 1 97 245 308 224
positives/buoysFromGate_894.png 1 43 315 280 164
positives/buoysFromGate_918.png 1 26 288 290 190
positives/buoysFromGate_926.png 1 62 245 261 231
positives/buoysFromGate_934.png 1 66 196 281 277
positives/buoysFromGate_942.png 1 102 187 256 285
positives/buoysFromGate_953.png 1 141 179 249 263
positives/buoysFromGate_961.png 1 164 129 242 262
positives/buoysFromGate_973.png 1 172 30 229 264
positives/buoysFromGate_985.png 1 163 8 215 231
positives/scene00010.png 1 114 236 62 68
positives/scene00062.png 2 383 203 62 73 132 215 44 66
positives/scene00121.png 2 388 201 65 81 118 217 73 62
positives/scene00196.png 2 268 213 60 52 456 186 73 62
positives/scene00205.png 1 436 177 70 72
